1 1.04133198   3.79696752   1.32547769   1.60327792   0.51962443   
2 1.04133198   1.02130961   0.48549808   0.93714999   0.42557829   
3 1.04133198   1.02130961   0.48549808   0.93714999   0.42557829   
4 1.04133198   1.02130961   0.48549808   0.41972852   0.42557829   
5 1.04133198   1.02130961   0.48549808   0.41972852   0.42557829   
6 1.04133198   1.02130961   0.48549808   0.41972852   0.42557829   
7 0.45892564   0.51629990   0.48549808   0.41972852   0.42557829   
8 0.42287988   0.51629990   0.48549808   0.41972852   0.42557829   
9 0.42287988   0.43548910   0.48549808   0.41972852   0.42557829   
10 0.42287988   0.43548910   0.48549808   0.41972852   0.42164016   
11 0.42287988   0.43548910   0.48549808   0.41972852   0.42164016   
12 0.42287988   0.43548910   0.48549808   0.41972852   0.42164016   
13 0.42287988   0.43548910   0.48549808   0.41972852   0.42164016   
14 0.42287988   0.43548910   0.48549808   0.41972852   0.42164016   
15 0.42084756   0.43548910   0.48549808   0.41972852   0.42066930   
16 0.42084756   0.43548910   0.43616243   0.41972852   0.42066930   
17 0.42084756   0.43548910   0.43616243   0.41972852   0.42066930   
18 0.42084756   0.43548910   0.43447465   0.41972852   0.42066930   
19 0.42084756   0.43548910   0.43447465   0.41972852   0.42066930   
20 0.42084756   0.41967337   0.43447465   0.41972852   0.42066930   
21 0.42084756   0.41967337   0.43447465   0.41972852   0.42066930   
22 0.42084756   0.41967337   0.43447465   0.41972852   0.42066930   
23 0.42084756   0.41967337   0.43447465   0.41972852   0.42066930   
24 0.42084756   0.41967337   0.43447465   0.41972852   0.42066930   
25 0.42084756   0.41967337   0.43447465   0.41972852   0.42066930   
26 0.42084756   0.41967337   0.43447465   0.41972852   0.42066930   
27 0.42084756   0.41967337   0.43447465   0.41972852   0.42066930   
28 0.42084756   0.41967337   0.43447465   0.41972852   0.42066930   
29 0.42084756   0.41967337   0.43447465   0.41972852   0.42066930   
30 0.42084756   0.41967337   0.43000600   0.41972852   0.42066930   
31 0.42056115   0.41967337   0.43000600   0.41972852   0.42066930   
32 0.42056115   0.41967337   0.43000600   0.41972852   0.42066930   
33 0.42056115   0.41967337   0.43000600   0.41972852   0.42066930   
34 0.42056115   0.41967337   0.43000600   0.41972852   0.42066930   
35 0.42056115   0.41967337   0.43000600   0.41972852   0.42066930   
36 0.42056115   0.41967337   0.43000600   0.41972852   0.42066930   
37 0.42056115   0.41967337   0.43000600   0.41972852   0.42066930   
38 0.42056115   0.41967337   0.42952098   0.41972852   0.42066930   
39 0.42056115   0.41967337   0.42952098   0.41972852   0.42066930   
40 0.42056115   0.41967337   0.42952098   0.41972852   0.42066930   
41 0.42056115   0.41967337   0.42952098   0.41972852   0.42066930   
42 0.42056115   0.41967337   0.42952098   0.41929540   0.42066930   
43 0.42056115   0.41967337   0.41927811   0.41929540   0.42066930   
44 0.42056115   0.41967337   0.41927811   0.41929540   0.42006444   
45 0.42056115   0.41967337   0.41927811   0.41929540   0.42006444   
46 0.42056115   0.41930893   0.41927811   0.41929540   0.41970401   
47 0.42056115   0.41930893   0.41927811   0.41929540   0.41970401   
48 0.42056115   0.41930893   0.41927811   0.41929540   0.41970401   
49 0.42056115   0.41930893   0.41927811   0.41929540   0.41970401   
50 0.42056115   0.41930893   0.41927811   0.41929540   0.41941012   
