0         4.94756
0.2       5.15688
0.4       5.45858
0.6       5.49508
0.8       5.73446
1         5.78017
1.2       5.99416
1.4       5.92016
1.6       5.99657
1.8       5.90422
2         5.88269
2.2       5.80684
2.4       5.75748
2.6       5.46855
2.8       5.41363
3         5.08519
3.2       4.96799
3.4       4.75867
3.6       4.52391
3.8       4.30903
4         4.24378
4.2       4.1419
4.4       4.11923
4.6       3.91434
4.8       3.92544
5         4.06895
5.2       4.01917
5.4       4.27127
5.6       4.2891
5.8       4.53199
6         4.67146
6.2       4.95225
6.4       5.19591
6.6       5.36352
6.8       5.53817
7         5.73851
7.2       5.87939
7.4       5.87424
7.6       6.04787
7.8       6.05432
8         5.95421
8.2       5.87958
8.4       5.95371
8.6       5.66666
8.8       5.62652
9         5.41242
9.2       5.31015
9.4       5.06804
9.6       4.74671
9.8       4.57536
10        4.46786
